1	1383292800000	0	0.08136262351125882				               
1	1383293400000	39	0.14186425470242922	0.1567870050390246	0.16093793691701822	0.052274848528573205 11.028366381681026
5062	1383292800000	0	0.08136262351125882				               
5062	1383293400000	39	0.14186425470242922	0.1567870050390246	0.16093793691701822	0.052274848528573205 11.028366381681026
6379	1383292800000	0	0.08136262351125882				               
6379	1383293400000	39	0.14186425470242922	0.1567870050390246	0.16093793691701822	0.052274848528573205 11.028366381681026
5462	1383292800000	0	0.08136262351125882				               
5462	1383293400000	39	0.14186425470242922	0.1567870050390246	0.16093793691701822	0.052274848528573205 11.028366381681026
6561	1383292800000	0	0.08136262351125882				               
6561	1383293400000	39	0.14186425470242922	0.1567870050390246	0.16093793691701822	0.052274848528573205 11.028366381681026
5775	1383292800000	0	0.08136262351125882				               
5775	1383293400000	39	0.14186425470242922	0.1567870050390246	0.16093793691701822	0.052274848528573205 11.028366381681026
4154	1383292800000	0	0.08136262351125882				               
4154	1383293400000	39	0.14186425470242922	0.1567870050390246	0.16093793691701822	0.052274848528573205 11.028366381681026
3455	1383292800000	0	0.08136262351125882				               
3455	1383293400000	39	0.14186425470242922	0.1567870050390246	0.16093793691701822	0.052274848528573205 11.028366381681026
5644	1383292800000	0	0.08136262351125882				               
5644    1383293400000	39	0.14186425470242922	0.1567870050390246	0.16093793691701822	0.052274848528573205 11.028366381681026